[[218 211 132 132]]
[[218 211 132 132]]
[[220 214 128 128]]
[[218 212 129 129]]
[[503 157  74  74]
 [227 215 128 128]]
[[226 216 123 123]]
[[506 155  76  76]
 [229 216 128 128]]
[[508 161  62  62]
 [222 217 124 124]]
[[501 166  58  58]
 [231 217 123 123]]
[[223 215 128 128]]
[[236 219 120 120]]
[[228 214 128 128]]
[[534 175  48  48]
 [232 216 124 124]]
[[537 173  59  59]
 [236 218 118 118]]
[[230 215 121 121]]
[[544 159  65  65]
 [228 216 121 121]]
[[542 148  68  68]
 [230 217 119 119]]
[[387 182  26  26]
 [228 215 124 124]]
[[228 215 124 124]]
[[232 217 121 121]]
[[222 211 129 129]]
[[404  89 144 144]
 [216 207 134 134]]
[[204 208 134 134]]
[[506 147  70  70]
 [188 214 126 126]]
[[502 148  65  65]
 [178 211 128 128]]
[[384 185  28  28]
 [257 310  76  76]
 [167 213 129 129]]
[[384 185  28  28]
 [162 214 125 125]]
[[155 213 129 129]
 [271 322  53  53]]
[[150 211 130 130]]
[[144 211 129 129]]
[[384 185  30  30]
 [139 209 130 130]]
[[739 145  28  28]
 [134 208 131 131]]
[[472 149  62  62]
 [133 210 129 129]]
[[386 187  28  28]
 [127 209 133 133]]
[[128 210 130 130]]
[[124 210 133 133]]
[[124 211 130 130]]
[[121 209 134 134]]
[[121 210 131 131]]
[[117 210 131 131]]
[[257 230  43  43]
 [115 210 131 131]]
[[111 211 130 130]]
[[107 210 131 131]]
[[386 188  31  31]
 [103 210 130 130]]
[[513 165  51  51]
 [100 210 129 129]]
[[ 95 211 128 128]]
[[ 91 211 128 128]]
[[388 190  26  26]
 [ 85 209 130 130]]
[[ 79 207 133 133]]
[[ 76 123 103 103]]
[[ 76 123 103 103]]
()
()
[[ 76 125 101 101]]
[[ 76 123 103 103]]
[[ 73 122 104 104]]
[[628 194  27  27]
 [ 78 123 105 105]]
()
()
[[615 176  76  76]]
[[609 174  83  83]]
[[609 174  83  83]]
()
()
()
()
[[437  49  83  83]
 [608 173  85  85]]
()
()
[[ 82 126  96  96]]
[[508 182  27  27]
 [ 82 126 100 100]]
[[510 180  26  26]
 [ 83 126  94  94]]
[[510 178  26  26]]
[[511 177  27  27]]
[[512 176  26  26]]
[[511 176  26  26]]
[[511 175  26  26]
 [ 82 126  96  96]]
[[510 177  26  26]
 [ 82 126  96  96]]
[[385 185  29  29]
 [ 50 203 133 133]]
[[ 47 204 132 132]]
[[385 186  27  27]
 [ 41 203 133 133]]
[[383 186  29  29]
 [669 118 170 170]
 [ 38 204 130 130]]
[[660 114 164 164]
 [ 33 204 131 131]]
[[648 110 159 159]
 [ 29 205 130 130]]
[[379 187  28  28]
 [645 109 160 160]
 [ 26 206 131 131]
 [651 358  58  58]]
[[376 186  29  29]
 [643 112 157 157]
 [ 20 206 131 131]]
[[376 188  27  27]
 [640 116 157 157]
 [ 17 207 130 130]]
[[373 187  29  29]
 [631 117 165 165]
 [ 16 209 128 128]]
[[373 188  28  28]
 [714 342  60  60]
 [623 119 169 169]
 [ 13 209 127 127]]
[[371 188  31  31]
 [615 118 175 175]
 [ 13 212 125 125]
 [721 340  68  68]]
[[373 191  27  27]
 [613 118 177 177]
 [ 12 213 125 125]
 [729 339  72  72]]
[[373 191  28  28]
 [ 13 214 125 125]
 [610 116 173 173]
 [736 336  79  79]]
[[374 192  28  28]
 [603 112 178 178]
 [ 11 214 128 128]]
[[376 194  28  28]
 [598 110 178 178]
 [ 11 214 128 128]]
[[376 194  28  28]
 [593 108 176 176]
 [ 11 215 126 126]]
[[375 192  29  29]
 [587 107 173 173]
 [ 11 212 127 127]]
[[ 10 212 127 127]
 [581 109 172 172]]
[[375 193  28  28]
 [573 108 173 173]
 [  9 213 128 128]]
[[565 106 168 168]
 [  9 216 125 125]]
[[  9 217 122 122]
 [556 106 168 168]]
[[  7 219 120 120]
 [548 106 168 168]]
[[  7 220 119 119]
 [543 107 163 163]]
[[  6 220 120 120]
 [540 108 162 162]]
[[  5 222 120 120]
 [535 108 167 167]]
[[  5 224 116 116]
 [533 110 166 166]]
[[379 196  29  29]
 [  4 225 118 118]
 [533 111 163 163]]
[[496 319  47  47]
 [534 112 160 160]
 [  3 227 116 116]]
[[533 115 159 159]
 [  4 229 115 115]]
[[529 118 158 158]
 [492 329  37  37]
 [  2 231 118 118]]
[[383 197  26  26]
 [  2 230 118 118]
 [523 114 158 158]]
[[383 196  28  28]
 [524 109 150 150]
 [  6 226 122 122]]
[[535  96 150 150]
 [ 13 221 125 125]]
[[563  88 141 141]
 [ 19 220 130 130]]
[[384 196  28  28]
 [591  97 126 126]
 [ 21 217 136 136]]
[[386 196  27  27]
 [599 111 121 121]
 [ 27 217 134 134]]
[[386 196  27  27]
 [597 121 119 119]
 [ 36 213 137 137]
 [519 303 103 103]]
[[592 128 115 115]]
[[583 131 119 119]]
[[388 195  28  28]
 [576 131 125 125]]
[[388 195  29  29]
 [576 145 118 118]]
[[564 143 124 124]]
[[390 194  26  26]
 [550 146 136 136]]
[[541 152 139 139]]
[[533 157 141 141]]
[[529 168 138 138]
 [527 320  48  48]]
[[448  74  54  54]
 [520 179 141 141]]
[[275 103  29  29]
 [409  84  30  30]
 [663 205  88  88]]
[[408  85  28  28]
 [267 100  30  30]]
[[259  99  31  31]
 [406  86  28  28]]
[[403  87  29  29]
 [253  98  31  31]]
[[401  88  27  27]
 [248  98  30  30]
 [263 181 118 118]]
[[398  88  29  29]
 [244  98  30  30]
 [584 338  31  31]]
[[395  90  28  28]
 [241  97  31  31]
 [256 178 124 124]]
[[393  91  27  27]
 [239  96  33  33]
 [256 178 124 124]]
[[390  91  29  29]
 [239  96  31  31]]
[[388  92  28  28]
 [238  95  31  31]]
[[387  92  28  28]
 [237  95  31  31]]
[[385  93  26  26]
 [236  94  33  33]]
[[384  92  27  27]
 [235  95  30  30]
 [259 178 124 124]]
[[384  92  27  27]
 [234  94  31  31]
 [546 356  62  62]]
[[382  92  28  28]
 [234  95  30  30]
 [256 181 118 118]]
[[382  92  27  27]
 [232  94  30  30]
 [262 180 118 118]]
[[382  92  27  27]
 [230  94  32  32]
 [259 181 118 118]]
[[382  92  27  27]
 [232  96  28  28]]
[[382  92  27  27]
 [256 178 122 122]]
[[382  92  27  27]
 [229  96  31  31]
 [260 179 117 117]]
[[382  92  28  28]
 [228  96  31  31]
 [753 153  74  74]]
[[382  92  28  28]
 [228  96  31  31]]
[[382  92  27  27]
 [229  97  31  31]]
[[382  93  26  26]
 [229  96  32  32]]
[[382  94  26  26]
 [230  96  33  33]]
[[382  94  26  26]
 [232  97  31  31]
 [753 153  75  75]]
[[382  94  26  26]
 [232  97  32  32]
 [753 153  75  75]]
[[382  94  26  26]
 [235  98  29  29]
 [753 153  75  75]]
[[376 183  62  62]]
()
()
()
()
[[481 227  31  31]]
()
()
()
()
()
()
()
()
()
[[376 217  49  49]]
()
()
()
()
()
()
()
()
()
()
()
[[408 279  65  65]]
[[414 296  65  65]]
[[408 311  69  69]]
[[406 325  71  71]]
[[401 338  69  69]]
()
()
()
()
()
()
()
()
()
()
()
()
[[688 143 103 103]]
()
[[678 177 108 108]]
()
()
[[372  78  26  26]]
[[370  78  28  28]]
[[369  77  29  29]]
[[369  77  29  29]]
[[369  77  29  29]
 [413 131  61  61]]
[[369  77  29  29]]
[[369  77  29  29]]
[[369  77  29  29]]
[[369  77  29  29]]
[[369  77  29  29]
 [405 131  62  62]]
[[369  77  29  29]
 [401 130  62  62]]
[[396 129  62  62]
 [369  77  29  29]]
[[369  77  29  29]
 [396 128  56  56]]
[[369  77  29  29]
 [390 125  56  56]]
[[279 275  73  73]]
[[368  77  32  32]]
[[368  77  32  32]]
[[369  78  30  30]]
[[281 274  79  79]]
[[370  80  28  28]]
()
[[469 244  79  79]
 [368 152 100 100]]
[[467 244  85  85]
 [394 162  87  87]]
[[369  90  30  30]
 [397 169  80  80]
 [361 158 102 102]]
[[369  92  30  30]
 [388 165  88  88]]
[[370  93  30  30]
 [390 168  85  85]]
[[387 167  89  89]]
[[ 62 198  69  69]]
[[ 67 196  65  65]]
[[ 68 189  69  69]]
[[ 71 186  61  61]]
[[ 74 173  74  74]]
[[ 73 168  64  64]]
[[ 73 160  66  66]]
[[550 171  27  27]
 [458 288  54  54]
 [ 74 153  65  65]
 [430 280  72  72]]
[[592 201  28  28]
 [549 164  28  28]
 [ 76 148  64  64]]
[[549 158  29  29]
 [593 200  32  32]
 [ 76 142  64  64]]
[[550 154  28  28]
 [596 201  33  33]
 [ 76 137  68  68]]
[[550 154  28  28]
 [598 202  34  34]
 [379 189  43  43]]
[[550 158  26  26]
 [597 204  37  37]
 [ 76 142  65  65]]
[[549 162  29  29]
 [600 205  34  34]
 [262 237  32  32]
 [ 75 144  67  67]]
[[599 204  37  37]
 [262 242  34  34]
 [ 70 148  73  73]]
[[546 174  29  29]
 [597 204  36  36]
 [ 71 153  73  73]]
[[262 256  30  30]
 [595 201  39  39]
 [ 70 160  72  72]]
[[546 184  26  26]
 [595 194  38  38]
 [ 71 163  72  72]]
[[546 185  26  26]
 [595 181  36  36]
 [308 126  73  73]
 [ 72 164  72  72]]
[[546 185  26  26]
 [594 167  37  37]
 [318 107  68  68]
 [ 71 163  74  74]]
[[545 187  27  27]
 [592 157  36  36]
 [ 72 170  61  61]
 [326  93  66  66]]
[[590 151  38  38]
 [335  86  64  64]]
[[585 150  40  40]
 [341  85  66  66]
 [771 201  49  49]]
[[580 155  40  40]
 [349  90  65  65]
 [ 67 198  67  67]]
[[582 164  37  37]
 [360 100  63  63]
 [766 227  52  52]]
[[586 172  36  36]
 [370 109  64  64]
 [765 242  50  50]
 [ 62 227  66  66]]
[[589 173  42  42]
 [383 117  62  62]
 [763 253  49  49]
 [ 61 239  61  61]]
[[598 171  39  39]
 [531 261  30  30]
 [394 116  66  66]
 [ 59 242  65  65]]
[[610 167  37  37]
 [409 114  63  63]]
[[527 264  29  29]
 [620 163  38  38]
 [429 106  60  60]
 [252 193 205 205]]
[[631 161  36  36]
 [451  96  58  58]]
[[642 160  34  34]
 [632 154  52  52]
 [472  87  59  59]
 [ 47 243  72  72]
 [600 369  50  50]]
[[647 160  40  40]
 [493  92  53  53]]
[[651 165  43  43]
 [506  91  57  57]]
[[660 172  36  36]
 [515  91  63  63]
 [646 162  64  64]]
[[662 174  37  37]
 [523  92  61  61]]
[[374  96  26  26]
 [524 131  85  85]
 [293 293  74  74]]
[[373  96  28  28]
 [530 135  72  72]
 [213 301  71  71]
 [294 294  74  74]]
[[526 135  76  76]
 [292 293  75  75]]
[[372  96  29  29]]
[[372  96  29  29]
 [294 292  76  76]]
[[372  96  29  29]
 [527 135  76  76]
 [294 294  74  74]
 [208 294  80  80]]
[[372  96  29  29]
 [526 133  76  76]
 [208 294  77  77]
 [294 294  72  72]]
[[322 298  56  56]
 [534 134  64  64]]
[[534 124  87  87]]
[[322 298  56  56]
 [524 115  89  89]
 [296 294  73  73]]
[[532 111  89  89]
 [217 294  72  72]]
[[558 310  49  49]
 [322 298  56  56]
 [298 291  77  77]
 [536 105  95  95]]
[[538 106  94  94]
 [322 298  56  56]]
[[537 107  92  92]
 [322 298  56  56]
 [218 294  72  72]]
[[532 108  91  91]
 [298 293  74  74]]
[[532 109  90  90]
 [296 293  73  73]]
[[532 110  88  88]
 [294 294  72  72]]
[[533 110  91  91]
 [295 294  72  72]]
[[528 112  89  89]
 [297 293  73  73]]
[[528 114  86  86]
 [295 293  73  73]]
()
()
[[290 382  31  31]]
[[476 165  30  30]]
[[475 166  31  31]]
[[477 170  28  28]]
[[477 172  30  30]]
()
()
[[272 385  27  27]]
()
()
()
[[478 189  29  29]]
[[476 188  30  30]]
[[474 187  29  29]]
[[473 186  28  28]]
()
[[375  52  48  48]]
[[663 165  65  65]]
()
[[268 344  46  46]]
()
()
[[282 136 104 104]]
[[271 133 114 114]]
[[261 132 125 125]
 [214 305  73  73]]
[[221 307  68  68]
 [264 127 124 124]]
[[266 124 126 126]]
[[257 123 136 136]
 [541 160  95  95]]
[[367 233  29  29]
 [537 156 104 104]]
[[537 156 104 104]
 [161 355  57  57]]
[[534 155 108 108]]
[[535 158 107 107]]
[[536 162 104 104]]
[[537 162 104 104]]
()
()
[[374  90  26  26]
 [132 340  54  54]]
[[373  88  27  27]
 [177 238 112 112]
 [131 340  56  56]]
[[372  86  30  30]]
[[373  86  28  28]]
[[373  84  28  28]]
[[372  83  30  30]
 [513 181  74  74]]
()
[[373  80  29  29]]
()
[[372  78  29  29]]
[[352 342  57  57]]
()
[[371  76  30  30]
 [344 348  44  44]]
[[343 352  39  39]]
[[372  76  29  29]]
[[373  75  28  28]]
()
()
[[372  72  30  30]]
()
[[462 221  91  91]
 [206 284  85  85]]
[[372  70  28  28]
 [468 229  76  76]
 [203 288  77  77]]
[[372  69  30  30]
 [472 229  76  76]]
[[196 145  54  54]]
[[196 143  56  56]]
[[372  68  28  28]]
[[372  67  29  29]
 [197 143  52  52]]
()
()
[[308 378  28  28]]
()
[[373  66  27  27]]
[[372  64  29  29]]
[[478 222  69  69]]
[[374  64  27  27]]
[[373  63  28  28]
 [482 225  65  65]
 [388 340  61  61]]
[[478 222  70  70]]
[[373  62  28  28]
 [477 222  71  71]]
[[372  62  29  29]
 [473 219  75  75]]
[[373  62  29  29]
 [471 218  77  77]]
[[365 251  36  36]
 [372  62  29  29]]
[[373  62  28  28]
 [456 353  26  26]]
[[372  62  30  30]]
[[372  62  30  30]
 [477 224  67  67]]
[[372  62  31  31]
 [465 220  77  77]]
[[372  61  31  31]
 [436 146  94  94]]
[[372  61  30  30]
 [438 150  89  89]]
[[372  61  30  30]]
()
()
[[621 142  40  40]
 [ 45 247  76  76]]
[[617 143  41  41]
 [278 258  81  81]]
[[613 148  40  40]]
[[520 274  29  29]
 [231 269  70  70]]
[[246 254  64  64]]
[[517 274  31  31]
 [202  89  50  50]
 [257 234  66  66]]
[[518 275  29  29]
 [268 217  65  65]]
[[520 275  27  27]
 [280 202  64  64]]
[[519 275  27  27]
 [293 188  62  62]]
[[307 176  59  59]]
[[319 164  62  62]]
[[333 154  62  62]]
[[348 145  64  64]
 [ 45 250  73  73]]
[[519 275  27  27]
 [365 136  63  63]]
[[519 275  28  28]
 [382 128  64  64]]
[[401 120  63  63]]
[[518 276  28  28]
 [423 109  62  62]
 [ 46 251  75  75]]
[[519 277  26  26]
 [448  98  60  60]
 [253 213 196 196]
 [ 45 251  73  73]]
[[472  90  59  59]]
[[493  88  58  58]]
[[505  86  61  61]
 [ 43 253  74  74]]
[[527 133  54  54]]
[[532 135  51  51]
 [523  85  61  61]
 [ 43 257  74  74]]
[[526  85  61  61]
 [543 140  38  38]
 [ 42 260  70  70]]
[[534  86  55  55]]
[[532  84  56  56]
 [ 42 260  74  74]]
[[523  83  59  59]
 [ 42 261  73  73]]
[[508  84  62  62]
 [ 42 260  74  74]]
[[485  83  66  66]
 [ 42 258  80  80]]
[[ 42 257  80  80]]
[[ 43 260  71  71]]
[[ 43 259  74  74]]
[[ 42 257  78  78]]
[[519 287  27  27]
 [ 42 257  78  78]]
[[519 286  29  29]
 [ 45 261  70  70]]
[[ 44 259  74  74]]
[[ 44 262  68  68]]
[[ 40 254  81  81]]
[[519 283  27  27]
 [ 45 258  71  71]]
()
()
()
()
()
()
()
()
()
()
()
()
()
[[234 133  55  55]]
()
()
()
[[133 189  33  33]]
()
()
()
()
[[330 185 170 170]]
()
()
()
()
()
()
()
()
()
()
()
[[610 189  66  66]]
[[528 245  53  53]]
()
()
()
()
()
[[581 169  54  54]
 [502 250  57  57]]
()
()
[[703 100 140 140]]
()
()
()
()
()
()
()
()
()
()
()
()
()
()
()
()
()
()
()
()
()
()
()
()
()
()
()
()
[[420 261 165 165]]
()
()
()
()
()
[[456 304  31  31]]
()
()
()
()
()
()
[[671 312  69  69]]
()
()
()
[[359 134  30  30]]
[[363 128  32  32]]
()
[[371 116  30  30]]
[[374 106  34  34]]
()
[[576  58  38  38]]
()
[[570  59  35  35]
 [399  67  47  47]]
[[425 299  27  27]]
[[475 356  56  56]]
()
()
()
()
()
()
()
()
()
()
[[376 263  64  64]]
()
()
()
[[346  88  54  54]]
[[380  71  39  39]
 [351  87  51  51]]
[[342  80  59  59]]
[[349  78  57  57]]
[[356  75  53  53]
 [326 344  26  26]]
[[406  74  30  30]]
()
()
()
[[239  94  38  38]]
[[222  95  37  37]
 [542  98  64  64]
 [542 245 147 147]]
[[620  48  64  64]]
[[819  51  33  33]
 [198  95  38  38]
 [195  81  38  38]]
[[184  95  37  37]
 [470 209  78  78]]
[[169  95  36  36]
 [165  79  40  40]]
[[156  92  37  37]]
[[142  75  37  37]
 [144  88  38  38]
 [589 102  53  53]]
[[131  73  34  34]
 [134  86  36  36]]
[[122  86  35  35]
 [561 105  56  56]]
[[611 175  39  39]
 [107  72  35  35]
 [107  82  41  41]
 [546 110  58  58]]
[[478 254  28  28]
 [100  84  38  38]
 [ 97  71  36  36]
 [531 115  60  60]]
[[ 92  70  34  34]
 [517 117  63  63]]
[[ 88  66  35  35]
 [509 120  63  63]
 [464 204  65  65]]
[[498 120  67  67]]
[[ 78  60  33  33]
 [539  99  66  66]
 [488 124  66  66]]
[[ 75  60  31  31]
 [ 74  68  41  41]
 [478 128  68  68]]
[[ 73  55  35  35]
 [471 129  69  69]
 [531  92  74  74]]
[[ 71  55  34  34]
 [466 126  67  67]]
[[ 70  56  34  34]
 [462 118  67  67]
 [480  34 174 174]]
[[455 111  71  71]]
[[449 110  72  72]]
[[441 114  76  76]]
[[433 121  80  80]]
[[423 129  85  85]]
[[413 134  89  89]]
[[404 133  94  94]]
[[394 129  95  95]]
[[687  59  51  51]
 [387 125 100 100]]
[[381 125 103 103]]
[[379 134 105 105]]
[[374 153 109 109]]
[[685  57  54  54]
 [371 166 114 114]
 [299 308  72  72]]
[[365 164 125 125]]
[[684  56  52  52]
 [362 164 123 123]]
[[358 153 128 128]]
[[353 143 129 129]]
[[344 130 133 133]]
[[337 118 135 135]]
[[329 109 141 141]]
[[676  48  50  50]
 [326 105 136 136]]
[[321  98 142 142]]
[[316  96 144 144]]
[[314  96 144 144]]
[[192 230  64  64]
 [312  96 145 145]]
[[194 231  62  62]
 [311  98 145 145]]
[[309  98 147 147]]
[[305  94 156 156]]
[[301  96 163 163]]
[[305  98 169 169]]
[[311 108 165 165]]
[[314 121 163 163]]
[[320 128 162 162]]
[[323 134 155 155]]
[[325 139 148 148]]
[[322 135 153 153]]
[[320 136 152 152]]
[[326 139 146 146]]
[[328 139 145 145]]
[[318 133 157 157]]
[[320 130 157 157]]
[[  4 316  27  27]]
[[318 127 160 160]]
[[327 131 154 154]]
[[324 132 152 152]]
[[327 131 150 150]]
[[331 134 147 147]]
[[327 130 150 150]]
[[325 129 151 151]]
[[328 127 147 147]]
[[328 125 148 148]]
[[328 123 146 146]]
[[328 121 149 149]]
[[331 120 150 150]]
[[330 118 156 156]]
[[331 123 154 154]]
[[330 124 157 157]]
[[330 128 156 156]
 [717 389  27  27]]
[[330 127 159 159]]
[[329 126 161 161]]
[[331 126 160 160]]
[[331 126 159 159]]
[[330 125 163 163]]
[[334 127 154 154]]
[[340 129 144 144]]
[[334 125 150 150]]
[[480  28 108 108]
 [331 123 150 150]]
[[332 122 148 148]]
[[486  34  97  97]
 [329 119 151 151]]
()
()
()
()
()
()
()
()
()
()
()
()
()
()
()
()
()
()
()
()
()
()
()
()
[[336 227  44  44]]
()
()
()
()
()
()
()
()
()
()
()
()
[[519 257 105 105]]
()
[[306 156  44  44]]
()
[[308 158  44  44]]
[[308 158  45  45]]
[[307 156  50  50]]
()
()
()
()
()
()
()
()
()
()
()
()
()
[[468  43  60  60]]
()
[[14 43 95 95]]
()
()
[[281  60  77  77]]
()
()
()
()
[[296  59  74  74]]
[[306  63  62  62]]
[[337 158  62  62]]
()
()
[[319  58  69  69]
 [341 153  70  70]]
()
()
[[300 100  55  55]]
[[304  97  55  55]]
[[307 101  55  55]]
[[312 112  49  49]]
[[313 120  54  54]]
[[322 126  50  50]
 [338  58  60  60]]
[[332 128  46  46]
 [340  60  56  56]]
[[326 183  87  87]]
()
()
[[ 82 214  89  89]]
[[501 314  91  91]]
()
[[224  25 142 142]]
()
()
[[118 211  71  71]]
[[746 228  79  79]]
[[734 224  81  81]]
